LINE_MIDPOINT 0 4 153 181 445 206
LINE_MIDPOINT 0 4 229 318 413 326
LINE_MIDPOINT 0 4 303 262 511 256
LINE_MIDPOINT 0 4 302 110 389 118
LINE_MIDPOINT 0 4 333 141 386 150
LINE_MIDPOINT 0 4 360 57 581 88
LINE_MIDPOINT 0 4 128 75 254 56
LINE_MIDPOINT 16744576 4 84 344 225 321
LINE_MIDPOINT 16744576 4 97 241 329 299
LINE_PARAMETRIC 16744576 4 137 104 249 118
LINE_PARAMETRIC 16744576 4 447 120 549 166
LINE_PARAMETRIC 16744576 4 199 161 429 207
LINE_PARAMETRIC 16744576 4 234 221 488 240
LINE_PARAMETRIC 16744576 4 151 194 449 220
LINE_DDA 16744576 4 165 24 363 55
LINE_DDA 65408 4 181 396 583 46
LINE_DDA 65408 4 161 123 564 389
